Instance 32 32 lr 0.001
Testing:   0%|          | 0/5 [00:00<?, ?it/s]
Testing:  20%|██        | 1/5 [00:12<00:49, 12.37s/it]
Testing:  40%|████      | 2/5 [00:12<00:15,  5.27s/it]
Testing:  60%|██████    | 3/5 [00:12<00:05,  2.92s/it]
Testing:  80%|████████  | 4/5 [00:12<00:01,  1.82s/it]
Testing: 100%|██████████| 5/5 [00:13<00:00,  1.29s/it]
Testing: 100%|██████████| 5/5 [00:13<00:00,  2.67s/it]
Test Accuracy (simple): 77.86%
Per-class AUC: [0.95423024 0.85       0.88636364]
Balanced Accuracy     : 77.04%
Macro-AUC             : 0.8969
Predictions saved to test_predictions.tsv
