Instance 8 16
Testing:   0%|          | 0/9 [00:00<?, ?it/s]
Testing:  11%|█         | 1/9 [00:13<01:50, 13.87s/it]
Testing:  22%|██▏       | 2/9 [00:14<00:41,  5.87s/it]
Testing:  44%|████▍     | 4/9 [00:14<00:11,  2.23s/it]
Testing:  67%|██████▋   | 6/9 [00:14<00:03,  1.20s/it]
Testing:  89%|████████▉ | 8/9 [00:14<00:00,  1.35it/s]
Testing: 100%|██████████| 9/9 [00:14<00:00,  1.63s/it]
Test Accuracy (simple): 78.63%
Per-class AUC: [0.9368932  0.85892019 0.87626263]
Balanced Accuracy     : 75.94%
Macro-AUC             : 0.8907
Predictions saved to test_predictions.tsv
