Instance 16 32
Testing:   0%|          | 0/5 [00:00<?, ?it/s]
Testing:  20%|██        | 1/5 [00:14<00:59, 14.79s/it]
Testing:  40%|████      | 2/5 [00:15<00:18,  6.27s/it]
Testing:  60%|██████    | 3/5 [00:15<00:06,  3.48s/it]
Testing:  80%|████████  | 4/5 [00:15<00:02,  2.16s/it]
Testing: 100%|██████████| 5/5 [00:15<00:00,  1.50s/it]
Testing: 100%|██████████| 5/5 [00:15<00:00,  3.15s/it]
Test Accuracy (simple): 79.39%
Per-class AUC: [0.95423024 0.87816901 0.88005051]
Balanced Accuracy     : 78.12%
Macro-AUC             : 0.9041
Predictions saved to test_predictions.tsv
